image: simple_4_toy_robots.pgm
resolution: 0.02
origin: [-2.000000, -2.000000, 0.000000]
negate: 0
occupied_thresh: 0.65
free_thresh: 0.196
